TPA:  0.035916 m/d
TPB: 0.17065 m/d
TPC: 0.11022 m/d